%0 x y z hx hy hz rx ry rz - Block
%1 x y z - Player
%2 x y z - Velocity
%3 x y z - Gravity
%4 x y z hx hy hz rx ry rz str- Bounce Block
%5 x y z hx hy hz rx ry rz vx vy vz lt ut - Moveing Block
%6 x y z hx hy hz rx ry rz str- Win Block
1 0 100 0
2 10 0 0
3 0 -80 0
0 0 0 0 100 10 30 0 0 0
4 0 7.2 20 98 30 6 1.018 0 0 50
4 0 7.2 -20 98 30 6 -1.018 0 0 50
0 100 0 0 100 10 30 0 0 0
0 200 0 0 100 10 10 0 0 0
0 300 0 0 100 10 5 0 0 0
0 400 0 0 100 10 2 0 0 0
0 500 0 0 100 10 1 0 0 0
4 552.5 0 0 5 10 1 0 0 0 30
0 600 12 0 50 10 1 0 0 0.524
0 660 10 0 50 10 20 0 0 0
4 687.5 10 0 5 10 20 0 0 0 30
0 775 -20 0 50 10 20 0 0 0
4 775 -20 12.5 5 10 5 0 0 0 30
0 778.4 -20 70 1 10 100 0 0 0.524
0 771.6 -20 70 1 10 100 0 0 -0.524
4 250 -40 0 500 10 20 0 0 0 1000
0 778.4 -20 170 10 10 100 0 0 0.524
0 744 -20 250 10 10 110 0 -0.7854 0.524
0 662 -20 285 100 10 10 1.047 0 0
0 568 2 273 100 20 10 1.047 -0.524 0
0 532 15.1 220 20 10 100 0 0 -0.524
4 532 15.1 167.5 20 10 5 0 0 -0.524 100
0 610 28 120 30 10 100 0 0 0
4 610 28 67.5 30 10 5 0 0 0 100
4 610 50 0 30 10 30 0 0 0 100
0 610 50 17.5 30 14 5 0 0 0
0 610 50 -17.5 30 14 5 0 0 0
0 627.5 50 0 5 14 40 0 0 0
0 592.5 50 0 5 14 40 0 0 0
4 610 70 -60 30 10 30 0 0 0 100
0 610 70 -42.5 30 14 5 0 0 0
0 610 70 -77.5 30 14 5 0 0 0
0 627.5 70 -60 5 14 40 0 0 0
0 592.5 70 -60 5 14 40 0 0 0
4 610 90 -120 30 10 30 0 0 0 80
0 610 90 -102.5 30 14 5 0 0 0
0 610 90 -137.5 30 14 5 0 0 0
0 627.5 90 -120 5 14 40 0 0 0
0 592.5 90 -120 5 14 40 0 0 0
0 315 102.2 -135.9 500 10 3 0.9 0 0
0 315 102.2 -124.1 500 10 3 -0.9 0 0
0 315 101.2 -135 500 10 3 0.7854 0 0
0 315 101.2 -125 500 10 3 -0.7854 0 0
0 315 100 -133.5 500 10 3 0.3927 0 0
0 315 100 -126.5 500 10 3 -0.3927 0 0
0 315 99.5 -131.75 500 10 3 0.2 0 0
0 315 99.5 -128.25 500 10 3 -0.2 0 0
0 315 99 -130 500 10 3 0 0 0
0 315 95.27 -130 500 10 21.5 0 0 0
4 55 95.27 -130 20 10 21.5 0 0 0 100
0 0 130 -130 20 10 21.5 0 0 0
5 -20 128 -130 20 10 21.5 0 0 0 -5 15 10 0 10
5 -32.5 130.5 -130 5 15 21.5 0 0 0 -5 15 10 0 10
5 -22.5 130.5 -143.25 25 15 5 0 0 0 -5 15 10 0 10
0 -70 275 -8.5 20 10 21.5 0 0 0
0 -82.5 277.5 -8.5 5 15 21.5 0 0 0
0 -72.5 277.5 4.75 25 15 5 0 0 0
0 40 275 -8.5 200 10 1 0 0 0
6 145 275 -8.5 10 10 10 0 0 0
4 -200 100 22.5 98 60 6 0.7854 0 0 100
4 -200 100 -22.5 98 60 6 -0.7854 0 0 100
4 -200 160 22.5 98 60 6 -0.7854 0 0 100
4 -200 160 -22.5 98 60 6 0.7854 0 0 100